 9.24 9.89 9.72 10.66 8.85 15.61 0.21 46.79 1.58 4.50 8.58 5.62 1.72 0.44 6.75 0.91 5.52 11.90
 12.23 9.75 10.43 12.96 9.49 14.79 12.73 57.37 1.60 5.31 7.81 6.84 16.16 12.95 9.18 0.37 7.53 17.27
 12.23 10.41 13.53 13.52 8.16 14.49 6.00 55.00 2.12 9.40 7.86 7.55 37.76 6.31 11.99 1.18 8.22 17.53
 5.64 7.76 9.77 8.70 4.83 22.86 13.12 60.66 1.71 3.54 4.32 7.42 36.91 13.37 7.91 2.82 6.83 9.28
 5.86 5.47 9.84 13.16 3.68 44.02 17.18 61.62 0.80 1.26 4.60 7.45 65.02 17.44 7.79 2.73 6.39 8.34
 3.42 4.72 5.50 12.88 -0.03 101.26 43.97 59.12 0.19 0.72 4.60 6.06 100.97 43.97 5.75 3.26 6.47 6.21
 4.54 4.41 5.71 10.56 -1.39 84.55 44.94 57.49 0.26 -0.53 1.64 6.02 86.28 44.91 3.06 2.43 4.35 3.35
 -0.03 4.55 3.22 10.44 -0.73 57.74 49.94 61.33 0.61 0.89 1.91 6.01 68.73 49.89 3.12 2.61 3.45 4.96
 9.28 4.65 5.68 23.20 -0.02 47.52 54.50 55.56 -0.13 3.25 4.14 7.11 76.01 54.45 5.68 2.17 2.05 5.93
 13.76 4.96 8.83 27.97 -0.38 61.23 65.09 68.96 -0.21 3.28 4.38 9.39 64.35 64.97 6.28 1.64 4.74 4.75
 23.06 5.91 12.80 23.59 1.19 55.30 50.71 74.24 -0.18 7.19 5.06 14.53 61.64 50.72 5.51 1.71 5.12 5.72
 40.80 6.94 17.31 24.55 2.24 41.83 51.32 76.95 0.12 10.04 8.65 17.59 62.19 51.37 8.21 2.53 4.76 10.54
 46.14 9.29 19.04 38.49 4.83 36.68 51.14 78.17 0.38 8.34 10.67 24.11 80.85 51.30 7.68 3.66 5.19 9.56
 39.55 9.99 18.71 44.06 5.68 44.97 58.07 83.96 0.32 8.31 8.59 23.40 64.53 58.15 9.44 4.42 6.10 8.42
 42.01 11.54 20.32 31.61 9.26 30.93 63.02 66.08 0.51 8.56 11.09 16.24 47.21 62.92 11.57 4.12 5.00 7.72
 32.20 11.45 19.26 31.17 13.11 28.84 56.93 57.71 1.26 11.72 10.45 21.03 49.95 56.85 10.50 4.71 5.71 7.90
 28.41 10.16 14.42 28.22 16.75 30.95 52.74 54.71 0.55 13.82 9.41 20.54 74.28 52.75 9.44 6.47 6.26 8.28
 26.89 9.87 13.60 27.22 12.94 35.11 61.35 67.71 0.82 15.81 9.70 19.39 56.19 61.28 10.18 8.38 8.49 8.40
 20.18 9.67 7.47 23.16 11.00 35.49 68.03 78.52 1.03 15.07 7.70 16.31 70.58 67.98 9.30 8.38 9.14 7.19
 19.85 8.40 9.71 23.12 13.94 32.19 72.04 79.27 0.95 12.33 7.00 15.19 75.85 71.98 8.57 7.32 11.35 8.06
 29.03 7.30 12.96 25.42 12.17 29.47 62.72 79.91 0.68 11.02 8.52 14.39 81.44 62.77 8.27 6.20 9.41 12.45
 27.69 7.13 13.47 24.52 11.73 33.17 47.19 73.50 0.56 8.42 7.43 11.83 58.58 47.28 7.05 3.77 6.33 15.65
 30.55 8.45 10.81 25.24 15.36 30.65 53.44 63.39 1.21 8.80 6.67 8.02 46.16 53.40 6.60 3.08 6.76 24.68
 27.33 5.98 5.87 22.06 19.64 22.97 44.87 68.26 0.23 5.78 4.73 5.46 24.11 44.88 6.38 3.87 6.17 11.77
 21.05 5.27 3.75 18.25 20.58 17.70 41.87 54.61 1.12 5.39 3.39 4.64 27.97 41.86 5.87 3.65 3.09 8.62
 15.42 3.85 4.13 15.85 19.54 3.84 47.56 64.92 0.97 5.70 1.89 4.60 29.70 47.57 7.88 2.87 1.68 8.10
 13.71 2.17 2.96 17.63 18.68 1.51 35.73 60.69 0.96 5.13 0.19 3.34 30.73 35.82 7.09 2.68 1.19 7.40
 11.70 1.48 2.04 11.08 14.10 7.71 39.36 45.51 1.03 4.10 0.00 3.98 28.64 39.33 6.25 1.58 0.41 5.62
 7.16 1.55 0.61 10.31 5.97 11.61 50.56 48.06 0.37 4.51 1.80 3.76 31.42 50.43 5.75 2.32 0.63 6.71
 12.83 1.39 1.17 11.84 0.28 12.28 50.97 43.74 0.42 5.02 3.02 2.06 33.15 50.82 6.52 3.27 4.67 7.51
 20.01 1.35 3.67 7.55 1.57 17.25 56.67 51.63 0.46 4.35 5.76 1.57 28.75 56.49 5.83 2.57 8.40 10.71
 23.27 0.78 4.43 4.03 3.23 17.94 67.22 59.56 0.40 3.82 8.89 3.91 42.62 67.01 7.41 2.26 11.28 11.50
 30.65 -0.13 4.48 7.63 2.86 15.33 63.09 56.77 -0.18 2.09 11.83 2.99 45.65 62.92 6.84 1.21 14.37 10.14
 22.05 0.65 4.30 12.34 2.53 16.57 59.63 58.11 0.39 1.27 12.68 3.58 49.32 59.51 6.30 1.14 14.86 10.73
 26.53 0.58 5.42 12.58 4.24 15.66 32.75 62.51 -0.08 2.76 9.73 2.51 50.11 32.90 5.64 0.25 16.97 11.89
 23.73 2.08 5.10 14.61 4.41 13.96 24.77 67.14 -0.01 2.73 7.69 2.13 48.11 25.01 5.19 -0.46 17.27 8.63
 27.68 5.19 4.62 12.60 7.19 10.26 39.62 71.18 0.99 4.07 6.11 1.75 39.18 39.73 5.22 0.22 14.88 7.54
 23.05 5.85 3.10 5.61 6.14 8.08 48.77 86.51 0.76 2.69 5.96 1.55 27.69 48.82 4.13 1.09 13.78 4.33
 16.76 6.02 1.02 2.11 8.83 6.81 47.54 60.07 0.78 3.18 3.46 1.54 27.71 47.47 0.70 1.43 12.72 1.53
 13.67 3.70 0.70 0.05 11.70 3.04 38.95 49.33 1.28 3.62 2.85 0.39 17.73 38.89 0.78 2.19 7.29 0.08
 16.75 3.11 1.91 1.73 14.08 0.38 23.18 52.92 0.61 3.73 5.10 2.00 15.10 23.28 -0.15 2.11 7.91 0.85
 15.47 2.40 2.62 1.23 15.33 4.84 22.60 67.22 0.79 2.52 6.97 4.59 13.83 22.76 1.40 2.38 12.51 0.26
 12.60 -0.35 1.42 4.82 15.25 11.85 50.11 67.09 0.49 1.43 6.54 6.80 18.75 50.04 0.68 2.03 14.39 -0.49
 14.96 0.89 1.67 7.37 14.55 12.78 49.30 59.40 0.41 1.45 7.32 6.31 21.20 49.21 1.34 2.17 14.23 -0.30
 17.24 0.93 2.97 11.29 13.88 14.12 38.61 48.00 0.70 2.30 10.05 8.92 17.78 38.56 2.47 2.28 19.07 0.32
 17.07 0.52 3.18 11.92 14.74 13.46 47.49 41.56 1.10 2.64 10.46 9.91 19.89 47.34 3.35 2.96 15.09 0.32
 19.90 2.04 4.71 13.30 15.42 13.63 50.93 44.82 1.53 4.69 12.95 10.94 13.89 50.75 4.11 3.76 16.25 1.71
 23.66 4.95 7.92 20.76 15.27 17.31 40.82 48.92 0.70 8.53 19.53 14.67 16.97 40.77 6.38 4.68 16.53 4.58
 31.28 13.94 16.48 20.71 19.12 17.66 52.76 47.75 2.51 16.25 24.68 15.27 33.60 52.64 11.90 7.33 20.52 8.76
 33.34 23.85 17.33 17.28 17.46 17.09 77.88 40.80 2.43 15.01 19.81 17.08 45.21 77.53 20.91 9.01 23.51 7.51
 35.14 25.97 18.97 10.18 16.06 18.99 91.66 46.11 3.48 20.15 23.49 15.73 49.55 91.21 20.98 9.80 29.33 6.56
 40.93 21.40 20.56 5.94 16.35 16.78 72.72 43.40 2.20 20.10 22.98 14.15 39.79 72.39 19.08 10.84 32.14 10.05
 44.64 19.65 22.68 7.53 17.38 15.53 81.22 42.05 9.33 20.78 25.97 14.25 47.41 80.84 16.07 11.57 33.41 15.56
 38.52 19.82 24.53 9.22 17.16 17.86 76.71 40.92 9.72 21.34 28.59 16.84 44.65 76.35 15.88 16.81 36.64 14.72
 41.79 18.43 29.97 9.83 20.55 22.29 72.20 43.56 10.69 18.99 25.43 23.64 51.34 71.91 13.46 20.47 47.00 16.63
 55.49 12.18 36.55 10.99 25.56 21.40 77.97 43.80 10.03 24.36 20.69 23.37 50.97 77.62 10.76 23.68 43.91 26.71
 73.67 17.63 44.35 12.74 30.44 25.13 69.38 43.66 13.97 31.48 25.98 30.22 54.56 69.12 15.61 27.61 46.95 45.04
 85.84 22.03 72.31 10.88 32.60 29.47 78.01 47.37 13.65 26.68 37.64 38.32 60.66 77.70 19.19 31.61 53.37 75.05
 76.08 20.48 78.12 11.63 44.79 29.84 100.00 47.52 13.95 29.19 57.25 32.88 53.49 99.49 19.34 35.65 53.03 76.38
 89.47 17.66 70.26 11.54 50.57 34.48 102.61 52.10 13.81 44.75 67.16 24.38 45.59 102.07 26.28 47.02 43.71 101.49
 92.94 20.79 55.99 10.84 49.26 36.44 96.95 57.40 15.32 49.61 86.07 33.41 30.90 96.42 34.38 62.30 41.42 79.30
 91.22 22.64 77.28 9.49 49.33 34.29 93.18 54.72 14.84 63.46 100.83 34.85 25.02 92.60 39.77 100.23 46.95 86.39
 81.43 33.65 79.35 18.06 45.09 38.38 51.05 46.44 16.69 100.00 61.73 32.86 23.97 50.80 44.68 90.24 58.03 74.92
 76.08 45.40 73.42 19.73 40.46 40.34 60.71 46.31 17.53 103.48 60.26 39.72 8.22 60.37 50.86 71.61 72.83 57.59
 91.93 67.70 80.48 22.50 44.61 44.85 64.76 42.59 31.30 91.51 58.39 44.35 7.48 64.38 55.62 63.53 78.55 50.81
 103.33 82.43 89.04 23.19 48.38 42.65 54.73 45.22 31.76 70.44 51.07 51.31 16.26 54.51 74.94 50.43 103.11 41.51
 93.31 102.04 78.10 23.04 49.66 40.81 70.35 45.13 30.94 55.45 35.18 49.75 16.72 69.99 65.64 49.97 96.60 30.17
 40.68 50.17 30.75 10.27 37.50 50.59 73.13 28.28 31.48 30.37 15.46 21.64 33.68 72.66 35.80 38.18 41.36 12.15
 16.17 34.85 25.23 8.98 36.43 50.01 68.39 2.37 35.68 27.51 15.10 18.61 23.74 67.81 28.17 35.02 27.64 11.94
 23.21 30.06 40.48 12.56 40.88 42.17 47.48 0.39 32.46 39.95 21.07 22.65 8.81 47.07 38.10 35.29 42.94 21.03
 41.34 35.16 56.27 15.56 52.69 41.33 44.35 28.25 47.36 56.43 32.57 29.70 3.81 44.11 42.99 36.02 52.01 30.30
 50.78 37.64 64.67 19.32 67.48 38.14 37.52 34.65 52.19 68.40 31.51 40.36 -0.13 37.40 44.51 33.22 57.98 42.86
 59.37 49.65 72.04 24.39 77.75 33.11 40.02 44.79 73.05 65.92 36.75 51.99 8.29 40.00 52.26 30.56 60.31 44.63
 55.51 53.94 69.09 30.36 85.27 33.51 43.98 51.37 89.75 56.43 42.97 62.78 14.51 44.01 54.73 30.19 59.72 37.34
 54.89 49.68 71.90 31.84 72.61 44.31 43.85 50.52 76.56 59.17 39.52 55.71 12.88 43.83 65.08 32.92 57.86 36.30
 67.68 57.81 88.05 65.80 70.48 49.08 40.52 53.60 88.75 71.09 44.10 73.34 16.30 40.63 85.45 41.76 65.36 44.55
 76.59 73.50 100.58 100.59 71.17 52.97 36.15 57.47 100.47 78.67 51.99 100.53 21.01 36.41 100.77 49.39 72.97 47.14
 84.77 70.93 97.19 86.96 72.04 71.58 39.52 71.71 101.09 79.78 48.78 95.09 29.52 39.79 99.18 45.46 83.80 45.73
 71.35 68.76 92.50 51.93 58.39 87.08 46.81 66.94 99.33 73.81 41.22 80.19 17.46 46.83 80.44 39.10 69.79 42.37
 57.15 67.05 76.90 40.49 57.79 79.35 45.34 55.89 80.71 59.38 35.14 62.32 16.67 45.28 68.12 42.06 76.25 34.94
 60.43 64.13 85.69 37.41 53.05 67.67 29.22 56.55 80.03 61.81 36.77 65.96 16.05 29.32 75.08 40.29 82.93 37.58
 48.56 50.89 78.94 29.94 64.00 63.10 51.95 64.47 77.19 56.49 30.15 59.59 11.95 51.87 64.63 38.76 73.32 33.65
 46.66 45.31 78.33 27.10 76.72 62.82 52.31 67.24 61.27 57.47 28.82 48.44 21.02 52.25 60.84 37.19 73.17 33.08
 50.07 42.85 79.37 25.19 86.53 61.07 42.55 67.08 65.81 64.45 29.49 50.07 25.19 42.60 68.80 31.30 68.53 34.27
 49.80 48.15 79.63 29.84 86.48 52.36 38.76 67.12 82.94 67.98 30.04 51.29 26.46 38.90 78.57 30.89 74.35 36.39
 42.82 45.65 72.28 33.03 81.01 48.40 67.95 78.95 70.29 61.05 26.40 48.13 37.56 67.91 67.81 30.65 76.09 32.37
 39.73 39.42 71.22 32.84 69.04 48.58 62.14 81.76 74.98 63.05 24.19 42.05 29.26 62.15 69.62 26.59 86.73 32.84
 39.10 42.93 72.21 29.88 66.94 46.87 59.78 90.60 76.17 63.40 23.96 40.75 42.66 59.88 75.74 25.85 79.03 34.31
 36.03 40.31 70.87 34.69 73.56 45.59 61.35 96.97 67.67 63.19 25.96 35.65 47.19 61.49 75.13 26.16 80.50 37.92
 39.28 34.66 65.82 32.16 82.91 44.20 64.05 97.36 54.53 60.99 33.42 31.32 37.62 64.15 74.89 19.84 82.38 37.66
 50.32 31.84 69.27 22.85 90.62 43.15 62.18 100.36 48.57 64.96 33.73 26.07 36.04 62.28 71.13 20.99 78.21 45.24
 49.32 29.05 64.50 18.36 101.96 35.86 57.00 101.71 38.65 57.82 27.61 22.39 48.84 57.16 63.10 27.04 55.75 43.31
 39.49 28.59 54.15 17.49 92.07 32.15 60.00 92.23 31.26 50.51 23.29 23.90 38.15 60.05 56.54 26.35 32.90 37.73
 38.06 25.78 57.54 19.73 76.99 30.97 54.14 81.64 28.26 55.84 20.66 25.09 28.82 54.17 46.26 25.66 41.36 41.73
 29.44 26.30 48.61 19.52 66.68 31.03 63.94 56.60 27.16 48.29 15.38 19.28 30.07 63.75 45.36 25.72 31.82 31.87
 24.16 22.21 44.21 19.03 75.42 31.98 71.41 51.49 22.49 47.53 13.24 15.65 29.91 71.13 45.35 26.16 28.07 25.66
 24.83 20.34 41.06 17.42 62.19 35.12 32.26 52.25 23.04 49.35 10.52 16.31 37.93 32.33 46.37 22.77 19.39 27.48
 27.99 21.00 41.64 19.60 64.45 40.21 62.96 52.62 27.75 48.50 11.80 23.39 15.89 62.73 51.93 18.48 30.98 34.48
 29.66 30.32 41.37 23.75 57.87 43.10 60.59 52.46 28.24 53.19 13.85 22.64 21.46 60.41 57.55 15.38 29.50 43.00
 34.34 49.86 47.21 23.17 50.43 37.86 58.09 54.67 35.49 62.48 14.47 27.23 31.95 57.99 66.01 9.78 33.00 50.31
